% time     seconds  usecs/call     calls    errors syscall
------ ----------- ----------- --------- --------- ------------------
 24.03    0.000210           0       307           read
 23.57    0.000206           1       157           openat
 13.62    0.000119           0       164           statx
 12.24    0.000107           0       157           close
  9.04    0.000079          79         1           execve
  5.15    0.000045           0        50           pread64
  4.12    0.000036           2        17           mmap
  1.60    0.000014           1        14        14 mkdir
  1.37    0.000012           0        18           write
  1.14    0.000010           1         6           mprotect
  0.69    0.000006           1         5           brk
  0.57    0.000005           2         2           getdents64
  0.57    0.000005           0         6           newfstatat
  0.34    0.000003           3         1           munmap
  0.34    0.000003           0         5           rt_sigaction
  0.34    0.000003           3         1           readlink
  0.23    0.000002           2         1         1 access
  0.11    0.000001           1         1           poll
  0.11    0.000001           0         2           sigaltstack
  0.11    0.000001           1         1           arch_prctl
  0.11    0.000001           1         1           sched_getaffinity
  0.11    0.000001           1         1           set_tid_address
  0.11    0.000001           1         1           set_robust_list
  0.11    0.000001           0         2           prlimit64
  0.11    0.000001           0         2           getrandom
  0.11    0.000001           1         1           rseq
  0.00    0.000000           0         1           gettid
------ ----------- ----------- --------- --------- ------------------
100.00    0.000874           0       925        15 total
