% time     seconds  usecs/call     calls    errors syscall
------ ----------- ----------- --------- --------- ------------------
 32.83    0.000280           0       559           read
 24.85    0.000212           0       283           openat
 15.71    0.000134           0       290           statx
 15.36    0.000131           0       283           close
  4.34    0.000037           0        86           pread64
  1.41    0.000012           2         6           mprotect
  1.17    0.000010           0        14        14 mkdir
  0.94    0.000008           1         8           brk
  0.70    0.000006           0        18           write
  0.59    0.000005           2         2           getdents64
  0.47    0.000004           4         1           readlink
  0.35    0.000003           0        21           mmap
  0.35    0.000003           0         5           rt_sigaction
  0.23    0.000002           0         5           munmap
  0.12    0.000001           1         1           poll
  0.12    0.000001           1         1           gettid
  0.12    0.000001           1         1           sched_getaffinity
  0.12    0.000001           0         6           newfstatat
  0.12    0.000001           0         2           prlimit64
  0.12    0.000001           0         2           getrandom
  0.00    0.000000           0         1         1 access
  0.00    0.000000           0         2           mremap
  0.00    0.000000           0         1           execve
  0.00    0.000000           0         2           sigaltstack
  0.00    0.000000           0         1           arch_prctl
  0.00    0.000000           0         1           set_tid_address
  0.00    0.000000           0         1           set_robust_list
  0.00    0.000000           0         1           rseq
------ ----------- ----------- --------- --------- ------------------
100.00    0.000853           0      1604        15 total
