% time     seconds  usecs/call     calls    errors syscall
------ ----------- ----------- --------- --------- ------------------
 54.60    0.000392           0       573           read
 19.22    0.000138           0       290           openat
 10.58    0.000076           0       297           statx
 10.31    0.000074           0       290           close
  2.51    0.000018           0        88           pread64
  0.84    0.000006           0         8           brk
  0.84    0.000006           2         3           mremap
  0.56    0.000004           0        14        14 mkdir
  0.42    0.000003           0        23           mmap
  0.14    0.000001           0        18           write
  0.00    0.000000           0         1           poll
  0.00    0.000000           0         6           mprotect
  0.00    0.000000           0         7           munmap
  0.00    0.000000           0         5           rt_sigaction
  0.00    0.000000           0         1         1 access
  0.00    0.000000           0         1           execve
  0.00    0.000000           0         1           readlink
  0.00    0.000000           0         2           sigaltstack
  0.00    0.000000           0         1           arch_prctl
  0.00    0.000000           0         1           gettid
  0.00    0.000000           0         1           sched_getaffinity
  0.00    0.000000           0         2           getdents64
  0.00    0.000000           0         1           set_tid_address
  0.00    0.000000           0         6           newfstatat
  0.00    0.000000           0         1           set_robust_list
  0.00    0.000000           0         2           prlimit64
  0.00    0.000000           0         2           getrandom
  0.00    0.000000           0         1           rseq
------ ----------- ----------- --------- --------- ------------------
100.00    0.000718           0      1646        15 total
