% time     seconds  usecs/call     calls    errors syscall
------ ----------- ----------- --------- --------- ------------------
 29.55    0.000229           0       657           read
 21.81    0.000169           0       330           openat
 16.00    0.000124           0       380           statx
 13.16    0.000102          14         7           munmap
 12.13    0.000094           0       330           close
  2.71    0.000021           0        56        56 mkdir
  2.32    0.000018           6         3           mremap
  1.42    0.000011           0        18           write
  0.77    0.000006           0        23           mmap
  0.13    0.000001           0         8           brk
  0.00    0.000000           0         1           poll
  0.00    0.000000           0         6           mprotect
  0.00    0.000000           0         5           rt_sigaction
  0.00    0.000000           0         2           pread64
  0.00    0.000000           0         1         1 access
  0.00    0.000000           0         1           execve
  0.00    0.000000           0         1           readlink
  0.00    0.000000           0         2           sigaltstack
  0.00    0.000000           0         1           arch_prctl
  0.00    0.000000           0         1           gettid
  0.00    0.000000           0         1           sched_getaffinity
  0.00    0.000000           0         1           set_tid_address
  0.00    0.000000           0         5           newfstatat
  0.00    0.000000           0         1           set_robust_list
  0.00    0.000000           0         2           prlimit64
  0.00    0.000000           0         2           getrandom
  0.00    0.000000           0         1           rseq
------ ----------- ----------- --------- --------- ------------------
100.00    0.000775           0      1846        57 total
