% time     seconds  usecs/call     calls    errors syscall
------ ----------- ----------- --------- --------- ------------------
 39.18    0.000721           1       573           read
 19.73    0.000363           1       290           openat
 10.92    0.000201           0       297           statx
  9.62    0.000177           0       290           close
  5.33    0.000098          14         7           munmap
  4.89    0.000090           1        88           pread64
  3.26    0.000060           2        23           mmap
  1.14    0.000021           7         3           mremap
  1.09    0.000020           1        14        14 mkdir
  1.03    0.000019           2         9           brk
  0.98    0.000018           3         6           mprotect
  0.54    0.000010           0        18           write
  0.54    0.000010           5         2           getdents64
  0.38    0.000007           7         1           readlink
  0.33    0.000006           1         6           newfstatat
  0.22    0.000004           0         5           rt_sigaction
  0.16    0.000003           1         2           getrandom
  0.11    0.000002           2         1         1 access
  0.11    0.000002           1         2           sigaltstack
  0.11    0.000002           1         2           prlimit64
  0.05    0.000001           1         1           poll
  0.05    0.000001           1         1           arch_prctl
  0.05    0.000001           1         1           sched_getaffinity
  0.05    0.000001           1         1           set_tid_address
  0.05    0.000001           1         1           set_robust_list
  0.05    0.000001           1         1           rseq
  0.00    0.000000           0         1           execve
  0.00    0.000000           0         1           gettid
------ ----------- ----------- --------- --------- ------------------
100.00    0.001840           1      1647        15 total
