1 1 0 1318 28473
